
         .8.          8 888888888o. 8888888 8888888888  8 8888     ,o888888o.    8 8888         8 8888888888
        .888.         8 8888    `88.      8 8888        8 8888    8888     `88.  8 8888         8 8888
       :88888.        8 8888     `88      8 8888        8 8888 ,8 8888       `8. 8 8888         8 8888
      . `88888.       8 8888     ,88      8 8888        8 8888 88 8888           8 8888         8 8888
     .8. `88888.      8 8888.   ,88'      8 8888        8 8888 88 8888           8 8888         8 888888888888
    .8`8. `88888.     8 888888888P'       8 8888        8 8888 88 8888           8 8888         8 8888
   .8' `8. `88888.    8 8888`8b           8 8888        8 8888 88 8888           8 8888         8 8888
  .8'   `8. `88888.   8 8888 `8b.         8 8888        8 8888 `8 8888       .8' 8 8888         8 8888
 .888888888. `88888.  8 8888   `8b.       8 8888        8 8888    8888     ,88'  8 8888         8 8888
.8'       `8. `88888. 8 8888     `88.     8 8888        8 8888     `8888888P'    8 888888888888 8 888888888888

----------------------------------------------------------------------------------      v1.0  --wlcoco research institute
